0.48081841432225064	0.5670103092783505
0.48081841432225064	0.5670103092783505
0.48081841432225064	0.5670103092783505
0.48081841432225064	0.5670103092783505
0.43478260869565216	0.5154639175257731
0.3836317135549872	0.41237113402061853
0.34782608695652173	0.3917525773195876
0.309462915601023	0.38144329896907214
0.3248081841432225	0.38144329896907214
0.31202046035805625	0.3711340206185567
0.30179028132992325	0.35051546391752575
0.29411764705882354	0.3402061855670103
0.289002557544757	0.3402061855670103
0.2813299232736573	0.3402061855670103
0.27877237851662406	0.3402061855670103
0.2710997442455243	0.31958762886597936
0.26854219948849106	0.31958762886597936
0.2659846547314578	0.31958762886597936
0.2659846547314578	0.31958762886597936
0.2659846547314578	0.31958762886597936
0.2531969309462916	0.30927835051546393
0.24552429667519182	0.29896907216494845
0.24040920716112532	0.29896907216494845
0.23785166240409208	0.29896907216494845
0.23273657289002558	0.29896907216494845
0.22762148337595908	0.29896907216494845
0.22506393861892582	0.29896907216494845
0.21739130434782608	0.29896907216494845
0.20971867007672634	0.29896907216494845
0.20971867007672634	0.29896907216494845
0.20971867007672634	0.29896907216494845
0.20460358056265984	0.29896907216494845
0.19948849104859334	0.27835051546391754
0.19437340153452684	0.27835051546391754
0.1918158567774936	0.27835051546391754
0.18925831202046037	0.26804123711340205
0.18925831202046037	0.26804123711340205
0.18414322250639387	0.26804123711340205
0.17902813299232737	0.26804123711340205
0.17647058823529413	0.26804123711340205
0.17647058823529413	0.26804123711340205
0.17647058823529413	0.26804123711340205
0.17391304347826086	0.26804123711340205
0.17135549872122763	0.26804123711340205
0.16624040920716113	0.26804123711340205
0.1636828644501279	0.25773195876288657
0.1585677749360614	0.24742268041237114
0.1534526854219949	0.2268041237113402
0.1534526854219949	0.2268041237113402
0.1483375959079284	0.21649484536082475
0.14578005115089515	0.20618556701030927
0.1432225063938619	0.20618556701030927
0.14066496163682865	0.1958762886597938
0.14066496163682865	0.18556701030927836
0.13810741687979539	0.17525773195876287
0.13554987212276215	0.17525773195876287
0.1329923273657289	0.15463917525773196
0.1329923273657289	0.15463917525773196
0.12531969309462915	0.15463917525773196
0.12020460358056266	0.15463917525773196
0.11508951406649616	0.15463917525773196
0.11508951406649616	0.14432989690721648
0.11508951406649616	0.14432989690721648
0.11508951406649616	0.14432989690721648
0.11253196930946291	0.14432989690721648
0.10997442455242967	0.14432989690721648
0.10741687979539642	0.13402061855670103
0.10485933503836317	0.12371134020618557
0.10485933503836317	0.12371134020618557
0.10230179028132992	0.1134020618556701
0.10230179028132992	0.1134020618556701
0.09974424552429667	0.1134020618556701
0.09718670076726342	0.1134020618556701
0.09462915601023018	0.1134020618556701
0.09207161125319693	0.1134020618556701
0.09207161125319693	0.1134020618556701
0.09207161125319693	0.1134020618556701
0.09207161125319693	0.1134020618556701
0.08695652173913043	0.1134020618556701
0.08184143222506395	0.1134020618556701
0.0792838874680307	0.1134020618556701
0.0792838874680307	0.10309278350515463
0.07672634271099744	0.10309278350515463
0.07672634271099744	0.09278350515463918
0.07161125319693094	0.09278350515463918
0.06905370843989769	0.09278350515463918
0.058823529411764705	0.08247422680412371
0.058823529411764705	0.08247422680412371
0.058823529411764705	0.08247422680412371
0.058823529411764705	0.08247422680412371
0.058823529411764705	0.08247422680412371
0.056265984654731455	0.07216494845360824
0.056265984654731455	0.07216494845360824
0.056265984654731455	0.07216494845360824
0.056265984654731455	0.07216494845360824
0.056265984654731455	0.07216494845360824
0.05370843989769821	0.07216494845360824
0.05370843989769821	0.061855670103092786
0.05115089514066496	0.061855670103092786
0.05115089514066496	0.061855670103092786
0.05115089514066496	0.061855670103092786
0.05115089514066496	0.061855670103092786
0.05115089514066496	0.061855670103092786
0.05115089514066496	0.061855670103092786
0.05115089514066496	0.061855670103092786
0.05115089514066496	0.061855670103092786
0.05115089514066496	0.061855670103092786
0.05115089514066496	0.061855670103092786
0.05115089514066496	0.061855670103092786
0.05115089514066496	0.05154639175257732
0.04859335038363171	0.05154639175257732
0.04859335038363171	0.05154639175257732
0.04859335038363171	0.05154639175257732
0.04859335038363171	0.05154639175257732
0.04859335038363171	0.041237113402061855
0.04859335038363171	0.041237113402061855
0.04859335038363171	0.041237113402061855
0.04859335038363171	0.041237113402061855
0.04859335038363171	0.041237113402061855
0.04859335038363171	0.030927835051546393
0.04859335038363171	0.020618556701030927
0.04859335038363171	0.020618556701030927
0.04603580562659847	0.020618556701030927
0.04603580562659847	0.020618556701030927
0.04603580562659847	0.020618556701030927
0.04603580562659847	0.020618556701030927
0.04603580562659847	0.020618556701030927
0.043478260869565216	0.020618556701030927
0.04092071611253197	0.020618556701030927
0.03836317135549872	0.020618556701030927
0.03580562659846547	0.020618556701030927
0.030690537084398978	0.020618556701030927
0.028132992327365727	0.020618556701030927
0.028132992327365727	0.020618556701030927
0.028132992327365727	0.020618556701030927
0.02557544757033248	0.020618556701030927
0.02557544757033248	0.020618556701030927
0.023017902813299233	0.020618556701030927
0.020460358056265986	0.020618556701030927
0.017902813299232736	0.020618556701030927
0.015345268542199489	0.020618556701030927
0.017902813299232736	0.020618556701030927
0.017902813299232736	0.020618556701030927
0.017902813299232736	0.020618556701030927
0.015345268542199489	0.020618556701030927
0.015345268542199489	0.020618556701030927
0.015345268542199489	0.020618556701030927
0.01278772378516624	0.020618556701030927
0.01278772378516624	0.020618556701030927
0.01278772378516624	0.020618556701030927
0.01278772378516624	0.020618556701030927
0.01278772378516624	0.020618556701030927
0.01278772378516624	0.020618556701030927
0.01278772378516624	0.020618556701030927
0.01278772378516624	0.020618556701030927
0.010230179028132993	0.020618556701030927
0.010230179028132993	0.020618556701030927
0.0076726342710997444	0.020618556701030927
0.0076726342710997444	0.020618556701030927
0.0076726342710997444	0.020618556701030927
0.0076726342710997444	0.020618556701030927
0.0076726342710997444	0.020618556701030927
0.0076726342710997444	0.020618556701030927
0.0076726342710997444	0.020618556701030927
0.0076726342710997444	0.020618556701030927
0.0076726342710997444	0.010309278350515464
0.005115089514066497	0.010309278350515464
0.005115089514066497	0.010309278350515464
0.005115089514066497	0.010309278350515464
0.005115089514066497	0.010309278350515464
0.0025575447570332483	0.010309278350515464
0.005115089514066497	0.0
0.0025575447570332483	0.0
0.005115089514066497	0.0
0.0025575447570332483	0.0
0.005115089514066497	0.0
0.0025575447570332483	0.0
0.005115089514066497	0.0
0.0025575447570332483	0.0
0.005115089514066497	0.0
0.005115089514066497	0.0
0.0025575447570332483	0.0
0.005115089514066497	0.0
0.0025575447570332483	0.0
0.005115089514066497	0.0
0.0025575447570332483	0.0
0.0025575447570332483	0.0
0.0	0.0
0.0	0.0
0.0	0.0
0.0	0.0
0.0	0.0
0.0	0.0
0.0	0.0
0.0	0.0
0.0	0.0
0.0	0.0
0.0	0.0
0.0	0.0
0.0	0.0
0.0	0.0
0.0	0.0
0.0	0.0
0.0	0.0
0.0	0.0
0.0	0.0
0.0	0.0
0.0	0.0
0.0	0.0
0.0	0.0
0.0	0.0
0.0	0.0
0.0	0.0
0.0	0.0
0.0	0.0
0.0	0.0
0.0	0.0
0.0	0.0
0.0	0.0
0.0	0.0
0.0	0.0
0.0	0.0
0.0	0.0
0.0	0.0
0.0	0.0
0.0	0.0
0.0	0.0
0.0	0.0
0.0	0.0
0.0	0.0
0.0	0.0
0.0	0.0
0.0	0.0
0.0	0.0
0.0	0.0
0.0	0.0
0.0	0.0
0.0	0.0
0.0	0.0
0.0	0.0
0.0	0.0
0.0	0.0
0.0	0.0
0.0	0.0
0.0	0.0
0.0	0.0
0.0	0.0
0.0	0.0
0.0	0.0
0.0	0.0
0.0	0.0
0.0	0.0
0.0	0.0
0.0	0.0
0.0	0.0
0.0	0.0
0.0	0.0
0.0	0.0
0.0	0.0
0.0	0.0
0.0	0.0
0.0	0.0
0.0	0.0
0.0	0.0
0.0	0.0
0.0	0.0
0.0	0.0
0.0	0.0
0.0	0.0
0.0	0.0
0.0	0.0
0.0	0.0
0.0	0.0
0.0	0.0
0.0	0.0
0.0	0.0
0.0	0.0
0.0	0.0
0.0	0.0
0.0	0.0
0.0	0.0
0.0	0.0
0.0	0.0
0.0	0.0
0.0	0.0
0.0	0.0
0.0	0.0
0.0	0.0
0.0	0.0
0.0	0.0
0.0	0.0
0.0	0.0
0.0	0.0
0.0	0.0
0.0	0.0
0.0	0.0
0.0	0.0
0.0	0.0
0.0	0.0
0.0	0.0
0.0	0.0
0.0	0.0
0.0	0.0
0.0	0.0
0.0	0.0
0.0	0.0
0.0	0.0
0.0	0.0
0.0	0.0
0.0	0.0
0.0	0.0
0.0	0.0
0.0	0.0
0.0	0.0
0.0	0.0
0.0	0.0
0.0	0.0
0.0	0.0
0.0	0.0
0.0	0.0
0.0	0.0
0.0	0.0
0.0	0.0
0.0	0.0
0.0	0.0
0.0	0.0
0.0	0.0
0.0	0.0
0.0	0.0
0.0	0.0
0.0	0.0
0.0	0.0
0.0	0.0
0.0	0.0
0.0	0.0
0.0	0.0
0.0	0.0
0.0	0.0
0.0	0.0
0.0	0.0
0.0	0.0
0.0	0.0
0.0	0.0
0.0	0.0
0.0	0.0
0.0	0.0
0.0	0.0
0.0	0.0
0.0	0.0
0.0	0.0
0.0	0.0
0.0	0.0
0.0	0.0
0.0	0.0
0.0	0.0
0.0	0.0
0.0	0.0
0.0	0.0
0.0	0.0
0.0	0.0
0.0	0.0
0.0	0.0
0.0	0.0
0.0	0.0
0.0	0.0
0.0	0.0
0.0	0.0
0.0	0.0
0.0	0.0
0.0	0.0
0.0	0.0
0.0	0.0
0.0	0.0
0.0	0.0
0.0	0.0
0.0	0.0
0.0	0.0
0.0	0.0
0.0	0.0
0.0	0.0
0.0	0.0
0.0	0.0
0.0	0.0
0.0	0.0
0.0	0.0
0.0	0.0
0.0	0.0
0.0	0.0
0.0	0.0
0.0	0.0
0.0	0.0
0.0	0.0
0.0	0.0
0.0	0.0
0.0	0.0
0.0	0.0
0.0	0.0
0.0	0.0
0.0	0.0
0.0	0.0
0.0	0.0
0.0	0.0
0.0	0.0
0.0	0.0
0.0	0.0
0.0	0.0
0.0	0.0
0.0	0.0
0.0	0.0
0.0	0.0
0.0	0.0
0.0	0.0
0.0	0.0
0.0	0.0
0.0	0.0
0.0	0.0
0.0	0.0
0.0	0.0
0.0	0.0
0.0	0.0
0.0	0.0
0.0	0.0
0.0	0.0
0.0	0.0
0.0	0.0
0.0	0.0
0.0	0.0
0.0	0.0
0.0	0.0
0.0	0.0
0.0	0.0
0.0	0.0
0.0	0.0
0.0	0.0
0.0	0.0
0.0	0.0
0.0	0.0
0.0	0.0
0.0	0.0
0.0	0.0
0.0	0.0
0.0	0.0
0.0	0.0
0.0	0.0
0.0	0.0
0.0	0.0
0.0	0.0
0.0	0.0
0.0	0.0
0.0	0.0
0.0	0.0
0.0	0.0
0.0	0.0
0.0	0.0
0.0	0.0
0.0	0.0
0.0	0.0
0.0	0.0
0.0	0.0
0.0	0.0
0.0	0.0
0.0	0.0
0.0	0.0
0.0	0.0
0.0	0.0
0.0	0.0
0.0	0.0
0.0	0.0
0.0	0.0
0.0	0.0
0.0	0.0
0.0	0.0
0.0	0.0
0.0	0.0
0.0	0.0
0.0	0.0
0.0	0.0
0.0	0.0
0.0	0.0
0.0	0.0
0.0	0.0
0.0	0.0
0.0	0.0
0.0	0.0
0.0	0.0
0.0	0.0
0.0	0.0
0.0	0.0
0.0	0.0
0.0	0.0
0.0	0.0
0.0	0.0
0.0	0.0
0.0	0.0
0.0	0.0
0.0	0.0
0.0	0.0
0.0	0.0
0.0	0.0
0.0	0.0
0.0	0.0
0.0	0.0
0.0	0.0
0.0	0.0
0.0	0.0
0.0	0.0
0.0	0.0
0.0	0.0
0.0	0.0
0.0	0.0
0.0	0.0
0.0	0.0
0.0	0.0
0.0	0.0
0.0	0.0
0.0	0.0
0.0	0.0
0.0	0.0
0.0	0.0
0.0	0.0
0.0	0.0
0.0	0.0
0.0	0.0
0.0	0.0
0.0	0.0
0.0	0.0
0.0	0.0
0.0	0.0
0.0	0.0
0.0	0.0
0.0	0.0
0.0	0.0
0.0	0.0
0.0	0.0
0.0	0.0
0.0	0.0
0.0	0.0
0.0	0.0
0.0	0.0
0.0	0.0
0.0	0.0
0.0	0.0
0.0	0.0
0.0	0.0
0.0	0.0
0.0	0.0
0.0	0.0
0.0	0.0
0.0	0.0
0.0	0.0
0.0	0.0
0.0	0.0
0.0	0.0
0.0	0.0
0.0	0.0
0.0	0.0
0.0	0.0
0.0	0.0
0.0	0.0
0.0	0.0
0.0	0.0
0.0	0.0
0.0	0.0
0.0	0.0
0.0	0.0
0.0	0.0
0.0	0.0
0.0	0.0
0.0	0.0
0.0	0.0
0.0	0.0
0.0	0.0
0.0	0.0
0.0	0.0
0.0	0.0
0.0	0.0
0.0	0.0
0.0	0.0
0.0	0.0
0.0	0.0
0.0	0.0
0.0	0.0
0.0	0.0
0.0	0.0
0.0	0.0
0.0	0.0
0.0	0.0
0.0	0.0
0.0	0.0
0.0	0.0
0.0	0.0
0.0	0.0
0.0	0.0
0.0	0.0
0.0	0.0
0.0	0.0
0.0	0.0
0.0	0.0
0.0	0.0
0.0	0.0
0.0	0.0
0.0	0.0
0.0	0.0
0.0	0.0
0.0	0.0
0.0	0.0
0.0	0.0
0.0	0.0
0.0	0.0
0.0	0.0
0.0	0.0
0.0	0.0
0.0	0.0
0.0	0.0
0.0	0.0
0.0	0.0
0.0	0.0
0.0	0.0
0.0	0.0
0.0	0.0
0.0	0.0
0.0	0.0
0.0	0.0
0.0	0.0
0.0	0.0
0.0	0.0
0.0	0.0
0.0	0.0
0.0	0.0
0.0	0.0
0.0	0.0
0.0	0.0
0.0	0.0
0.0	0.0
0.0	0.0
0.0	0.0
0.0	0.0
0.0	0.0
0.0	0.0
0.0	0.0
0.0	0.0
0.0	0.0
0.0	0.0
0.0	0.0
0.0	0.0
0.0	0.0
0.0	0.0
0.0	0.0
0.0	0.0
0.0	0.0
0.0	0.0
0.0	0.0
0.0	0.0
0.0	0.0
0.0	0.0
0.0	0.0
0.0	0.0
0.0	0.0
0.0	0.0
0.0	0.0
0.0	0.0
0.0	0.0
0.0	0.0
0.0	0.0
0.0	0.0
0.0	0.0
0.0	0.0
0.0	0.0
0.0	0.0
0.0	0.0
0.0	0.0
0.0	0.0
0.0	0.0
0.0	0.0
0.0	0.0
0.0	0.0
0.0	0.0
0.0	0.0
0.0	0.0
0.0	0.0
0.0	0.0
0.0	0.0
0.0	0.0
0.0	0.0
0.0	0.0
0.0	0.0
0.0	0.0
0.0	0.0
0.0	0.0
0.0	0.0
0.0	0.0
0.0	0.0
0.0	0.0
0.0	0.0
0.0	0.0
0.0	0.0
0.0	0.0
0.0	0.0
0.0	0.0
0.0	0.0
0.0	0.0
0.0	0.0
0.0	0.0
0.0	0.0
0.0	0.0
0.0	0.0
0.0	0.0
0.0	0.0
0.0	0.0
0.0	0.0
0.0	0.0
0.0	0.0
0.0	0.0
0.0	0.0
0.0	0.0
0.0	0.0
0.0	0.0
0.0	0.0
0.0	0.0
0.0	0.0
0.0	0.0
0.0	0.0
0.0	0.0
0.0	0.0
0.0	0.0
0.0	0.0
0.0	0.0
0.0	0.0
0.0	0.0
0.0	0.0
0.0	0.0
0.0	0.0
0.0	0.0
0.0	0.0
0.0	0.0
0.0	0.0
0.0	0.0
0.0	0.0
0.0	0.0
0.0	0.0
0.0	0.0
0.0	0.0
0.0	0.0
0.0	0.0
0.0	0.0
0.0	0.0
0.0	0.0
0.0	0.0
0.0	0.0
0.0	0.0
0.0	0.0
0.0	0.0
0.0	0.0
0.0	0.0
0.0	0.0
0.0	0.0
0.0	0.0
0.0	0.0
0.0	0.0
0.0	0.0
0.0	0.0
0.0	0.0
0.0	0.0
0.0	0.0
0.0	0.0
0.0	0.0
0.0	0.0
0.0	0.0
0.0	0.0
0.0	0.0
0.0	0.0
0.0	0.0
0.0	0.0
0.0	0.0
0.0	0.0
0.0	0.0
0.0	0.0
0.0	0.0
0.0	0.0
0.0	0.0
0.0	0.0
0.0	0.0
0.0	0.0
0.0	0.0
0.0	0.0
0.0	0.0
0.0	0.0
0.0	0.0
0.0	0.0
0.0	0.0
0.0	0.0
0.0	0.0
0.0	0.0
0.0	0.0
0.0	0.0
0.0	0.0
0.0	0.0
0.0	0.0
0.0	0.0
0.0	0.0
0.0	0.0
0.0	0.0
0.0	0.0
0.0	0.0
0.0	0.0
0.0	0.0
0.0	0.0
0.0	0.0
0.0	0.0
0.0	0.0
0.0	0.0
0.0	0.0
0.0	0.0
0.0	0.0
0.0	0.0
0.0	0.0
0.0	0.0
0.0	0.0
0.0	0.0
0.0	0.0
0.0	0.0
0.0	0.0
0.0	0.0
0.0	0.0
0.0	0.0
0.0	0.0
0.0	0.0
0.0	0.0
0.0	0.0
0.0	0.0
0.0	0.0
0.0	0.0
0.0	0.0
0.0	0.0
0.0	0.0
0.0	0.0
0.0	0.0
0.0	0.0
0.0	0.0
0.0	0.0
0.0	0.0
0.0	0.0
0.0	0.0
0.0	0.0
0.0	0.0
0.0	0.0
0.0	0.0
0.0	0.0
0.0	0.0
0.0	0.0
0.0	0.0
0.0	0.0
0.0	0.0
0.0	0.0
0.0	0.0
0.0	0.0
0.0	0.0
0.0	0.0
0.0	0.0
0.0	0.0
0.0	0.0
0.0	0.0
0.0	0.0
0.0	0.0
0.0	0.0
0.0	0.0
0.0	0.0
0.0	0.0
0.0	0.0
0.0	0.0
0.0	0.0
0.0	0.0
0.0	0.0
0.0	0.0
0.0	0.0
0.0	0.0
0.0	0.0
0.0	0.0
0.0	0.0
0.0	0.0
0.0	0.0
0.0	0.0
0.0	0.0
0.0	0.0
0.0	0.0
0.0	0.0
0.0	0.0
0.0	0.0
0.0	0.0
0.0	0.0
0.0	0.0
0.0	0.0
0.0	0.0
0.0	0.0
0.0	0.0
0.0	0.0
0.0	0.0
0.0	0.0
0.0	0.0
0.0	0.0
0.0	0.0
0.0	0.0
0.0	0.0
0.0	0.0
0.0	0.0
0.0	0.0
0.0	0.0
0.0	0.0
0.0	0.0
0.0	0.0
0.0	0.0
0.0	0.0
0.0	0.0
0.0	0.0
0.0	0.0
0.0	0.0
0.0	0.0
0.0	0.0
0.0	0.0
0.0	0.0
0.0	0.0
0.0	0.0
0.0	0.0
0.0	0.0
0.0	0.0
0.0	0.0
0.0	0.0
0.0	0.0
0.0	0.0
0.0	0.0
0.0	0.0
0.0	0.0
0.0	0.0
0.0	0.0
0.0	0.0
0.0	0.0
0.0	0.0
0.0	0.0
0.0	0.0
0.0	0.0
0.0	0.0
0.0	0.0
0.0	0.0
0.0	0.0
0.0	0.0
0.0	0.0
0.0	0.0
0.0	0.0
0.0	0.0
0.0	0.0
0.0	0.0
0.0	0.0
0.0	0.0
0.0	0.0
0.0	0.0
0.0	0.0
0.0	0.0
0.0	0.0
0.0	0.0
0.0	0.0
0.0	0.0
0.0	0.0
0.0	0.0
0.0	0.0
0.0	0.0
0.0	0.0
0.0	0.0
0.0	0.0
0.0	0.0
0.0	0.0
0.0	0.0
0.0	0.0
0.0	0.0
0.0	0.0
0.0	0.0
0.0	0.0
0.0	0.0
0.0	0.0
0.0	0.0
0.0	0.0
0.0	0.0
0.0	0.0
0.0	0.0
0.0	0.0
0.0	0.0
0.0	0.0
0.0	0.0
0.0	0.0
0.0	0.0
0.0	0.0
0.0	0.0
0.0	0.0
0.0	0.0
0.0	0.0
0.0	0.0
0.0	0.0
0.0	0.0
0.0	0.0
0.0	0.0
0.0	0.0
