0.55	0.7368421052631579
0.55	0.7894736842105263
0.5625	0.7894736842105263
0.5625	0.7894736842105263
0.5625	0.7894736842105263
0.575	0.7894736842105263
0.5875	0.7894736842105263
0.5875	0.8421052631578947
0.5875	0.8421052631578947
0.5875	0.8947368421052632
0.6	0.8947368421052632
0.625	0.8947368421052632
0.6125	0.8947368421052632
0.6375	0.8947368421052632
0.65	0.8947368421052632
0.65	0.8947368421052632
0.6375	0.8947368421052632
0.65	0.8947368421052632
0.6375	0.8947368421052632
0.6375	0.8947368421052632
0.6625	0.8947368421052632
0.6625	0.8947368421052632
0.675	0.8947368421052632
0.675	0.8947368421052632
0.675	0.8947368421052632
0.6875	0.8947368421052632
0.6875	0.8947368421052632
0.6875	0.8947368421052632
0.6875	0.8947368421052632
0.6875	0.8947368421052632
0.7	0.8947368421052632
0.7	0.8947368421052632
0.7	0.8947368421052632
0.7	0.8947368421052632
0.7	0.8947368421052632
0.6875	0.8947368421052632
0.6875	0.8947368421052632
0.7	0.8947368421052632
0.6875	0.8947368421052632
0.6875	0.8947368421052632
0.6875	0.8947368421052632
0.6875	0.8947368421052632
0.6875	0.8421052631578947
0.7	0.8421052631578947
0.7	0.8421052631578947
0.7	0.8421052631578947
0.7	0.8421052631578947
0.7	0.8421052631578947
0.7125	0.8421052631578947
0.6875	0.8421052631578947
0.7	0.8421052631578947
0.7	0.8421052631578947
0.7125	0.8421052631578947
0.7	0.7894736842105263
0.6875	0.7894736842105263
0.6875	0.7894736842105263
0.6875	0.7894736842105263
0.6875	0.7894736842105263
0.6875	0.7894736842105263
0.6875	0.7894736842105263
0.6875	0.7894736842105263
0.6875	0.7894736842105263
0.6875	0.7894736842105263
0.6875	0.7894736842105263
0.6875	0.7894736842105263
0.7	0.7894736842105263
0.6875	0.7894736842105263
0.675	0.7894736842105263
0.675	0.7894736842105263
0.6625	0.7894736842105263
0.6625	0.7368421052631579
0.6625	0.7368421052631579
0.6625	0.7368421052631579
0.6625	0.7368421052631579
0.6625	0.7368421052631579
0.6375	0.7368421052631579
0.6375	0.7368421052631579
0.6375	0.7368421052631579
0.6375	0.7368421052631579
0.6375	0.7368421052631579
0.6375	0.7368421052631579
0.6375	0.7368421052631579
0.6375	0.7368421052631579
0.6375	0.7368421052631579
0.6375	0.7368421052631579
0.6375	0.7368421052631579
0.625	0.7368421052631579
0.6125	0.7368421052631579
0.6125	0.7368421052631579
0.6125	0.7368421052631579
0.6125	0.7368421052631579
0.6125	0.7368421052631579
0.6125	0.7368421052631579
0.6125	0.7368421052631579
0.6125	0.7368421052631579
0.6125	0.7368421052631579
0.6125	0.7368421052631579
0.6	0.7368421052631579
0.5875	0.7368421052631579
0.5875	0.7368421052631579
0.5875	0.7368421052631579
0.5875	0.7368421052631579
0.5875	0.7368421052631579
0.5875	0.7368421052631579
0.5875	0.7368421052631579
0.5875	0.7368421052631579
0.5875	0.7368421052631579
0.5875	0.7368421052631579
0.6	0.7368421052631579
0.5875	0.7368421052631579
0.6	0.7368421052631579
0.5875	0.6842105263157895
0.5875	0.6842105263157895
0.5875	0.6842105263157895
0.5875	0.6842105263157895
0.5875	0.631578947368421
0.5875	0.631578947368421
0.5875	0.631578947368421
0.5875	0.631578947368421
0.575	0.631578947368421
0.575	0.631578947368421
0.575	0.631578947368421
0.575	0.631578947368421
0.5625	0.631578947368421
0.5625	0.631578947368421
0.5625	0.631578947368421
0.55	0.631578947368421
0.55	0.631578947368421
0.55	0.631578947368421
0.55	0.631578947368421
0.5375	0.631578947368421
0.5375	0.631578947368421
0.5375	0.631578947368421
0.525	0.631578947368421
0.525	0.631578947368421
0.525	0.631578947368421
0.5	0.631578947368421
0.5	0.631578947368421
0.5	0.631578947368421
0.5	0.631578947368421
0.5	0.631578947368421
0.5	0.631578947368421
0.5	0.631578947368421
0.5	0.631578947368421
0.5125	0.631578947368421
0.5	0.631578947368421
0.5	0.631578947368421
0.4875	0.631578947368421
0.4875	0.631578947368421
0.4875	0.631578947368421
0.4875	0.5789473684210527
0.4875	0.5789473684210527
0.4875	0.5789473684210527
0.4875	0.5789473684210527
0.4875	0.5789473684210527
0.4875	0.5789473684210527
0.4875	0.5789473684210527
0.4875	0.5789473684210527
0.4875	0.5789473684210527
0.4875	0.5789473684210527
0.4875	0.5789473684210527
0.4875	0.5789473684210527
0.4875	0.5789473684210527
0.4875	0.5789473684210527
0.4875	0.5789473684210527
0.4875	0.5789473684210527
0.4875	0.5789473684210527
0.4875	0.5789473684210527
0.475	0.5789473684210527
0.475	0.5789473684210527
0.475	0.5789473684210527
0.475	0.5789473684210527
0.475	0.5789473684210527
0.475	0.5789473684210527
0.475	0.5789473684210527
0.475	0.5789473684210527
0.475	0.5789473684210527
0.475	0.5789473684210527
0.475	0.5789473684210527
0.475	0.5789473684210527
0.475	0.5789473684210527
0.475	0.5789473684210527
0.475	0.5789473684210527
0.475	0.5789473684210527
0.475	0.5789473684210527
0.475	0.5789473684210527
0.475	0.5263157894736842
0.475	0.5263157894736842
0.475	0.5263157894736842
0.475	0.5263157894736842
0.475	0.5263157894736842
0.475	0.5263157894736842
0.475	0.5263157894736842
0.475	0.5263157894736842
0.475	0.5263157894736842
0.475	0.5263157894736842
0.475	0.5263157894736842
0.475	0.5263157894736842
0.475	0.5263157894736842
0.475	0.5263157894736842
0.475	0.5263157894736842
0.475	0.5263157894736842
0.475	0.5263157894736842
0.475	0.5263157894736842
0.475	0.5263157894736842
0.475	0.5263157894736842
0.475	0.5263157894736842
0.4625	0.5263157894736842
0.4625	0.5263157894736842
0.4625	0.5263157894736842
0.4625	0.5263157894736842
0.4625	0.5263157894736842
0.4625	0.5263157894736842
0.45	0.5263157894736842
0.45	0.5263157894736842
0.45	0.5263157894736842
0.45	0.5263157894736842
0.45	0.5263157894736842
0.45	0.5263157894736842
0.45	0.5263157894736842
0.45	0.5263157894736842
0.45	0.5263157894736842
0.45	0.5263157894736842
0.45	0.5263157894736842
0.45	0.5263157894736842
0.45	0.5263157894736842
0.45	0.5263157894736842
0.45	0.5263157894736842
0.45	0.5263157894736842
0.45	0.5263157894736842
0.45	0.5263157894736842
0.45	0.5263157894736842
0.45	0.5263157894736842
0.45	0.5263157894736842
0.45	0.5263157894736842
0.45	0.5263157894736842
0.45	0.5263157894736842
0.45	0.5263157894736842
0.45	0.5263157894736842
0.45	0.5263157894736842
0.45	0.5263157894736842
0.45	0.5263157894736842
0.45	0.5263157894736842
0.45	0.5263157894736842
0.45	0.5263157894736842
0.4625	0.5263157894736842
0.45	0.5263157894736842
0.4625	0.5263157894736842
0.4625	0.5263157894736842
0.45	0.5263157894736842
0.475	0.5263157894736842
0.475	0.5263157894736842
0.475	0.5263157894736842
0.475	0.5263157894736842
0.475	0.5263157894736842
0.475	0.5263157894736842
0.475	0.5263157894736842
0.475	0.5263157894736842
0.475	0.5263157894736842
0.475	0.5263157894736842
0.475	0.5263157894736842
0.475	0.5263157894736842
0.475	0.5263157894736842
0.475	0.5263157894736842
0.475	0.5263157894736842
0.475	0.5263157894736842
0.475	0.5263157894736842
0.475	0.5263157894736842
0.4625	0.5263157894736842
0.4625	0.5263157894736842
0.4625	0.5263157894736842
0.4625	0.5263157894736842
0.4625	0.5263157894736842
0.4625	0.5263157894736842
0.4625	0.5263157894736842
0.4625	0.5263157894736842
0.4625	0.5263157894736842
0.45	0.5263157894736842
0.45	0.5263157894736842
0.45	0.5263157894736842
0.45	0.5263157894736842
0.45	0.5263157894736842
0.45	0.5263157894736842
0.45	0.5263157894736842
0.45	0.5263157894736842
0.4375	0.47368421052631576
0.4375	0.47368421052631576
0.4375	0.47368421052631576
0.4375	0.47368421052631576
0.4375	0.47368421052631576
0.4375	0.47368421052631576
0.4375	0.47368421052631576
0.4375	0.47368421052631576
0.4375	0.47368421052631576
0.4375	0.47368421052631576
0.4375	0.47368421052631576
0.4375	0.47368421052631576
0.4375	0.47368421052631576
0.4375	0.47368421052631576
0.4375	0.47368421052631576
0.4375	0.47368421052631576
0.4375	0.47368421052631576
0.4375	0.47368421052631576
0.4375	0.47368421052631576
0.4375	0.47368421052631576
0.4375	0.47368421052631576
0.4375	0.47368421052631576
0.4375	0.47368421052631576
0.4375	0.47368421052631576
0.4375	0.47368421052631576
0.4375	0.47368421052631576
0.4375	0.47368421052631576
0.4375	0.47368421052631576
0.4375	0.47368421052631576
0.4375	0.47368421052631576
0.425	0.47368421052631576
0.425	0.47368421052631576
0.425	0.47368421052631576
0.425	0.47368421052631576
0.425	0.47368421052631576
0.425	0.47368421052631576
0.425	0.47368421052631576
0.425	0.47368421052631576
0.425	0.47368421052631576
0.425	0.47368421052631576
0.425	0.47368421052631576
0.425	0.47368421052631576
0.425	0.47368421052631576
0.425	0.47368421052631576
0.425	0.47368421052631576
0.425	0.47368421052631576
0.425	0.47368421052631576
0.425	0.47368421052631576
0.425	0.47368421052631576
0.425	0.47368421052631576
0.425	0.47368421052631576
0.425	0.47368421052631576
0.425	0.47368421052631576
0.425	0.47368421052631576
0.425	0.47368421052631576
0.425	0.47368421052631576
0.425	0.47368421052631576
0.425	0.47368421052631576
0.425	0.47368421052631576
0.425	0.47368421052631576
0.425	0.47368421052631576
0.425	0.47368421052631576
0.425	0.47368421052631576
0.425	0.47368421052631576
0.425	0.47368421052631576
0.425	0.47368421052631576
0.425	0.47368421052631576
0.425	0.47368421052631576
0.425	0.47368421052631576
0.425	0.47368421052631576
0.425	0.47368421052631576
0.425	0.47368421052631576
0.425	0.47368421052631576
0.425	0.47368421052631576
0.425	0.47368421052631576
0.425	0.47368421052631576
0.425	0.47368421052631576
0.425	0.47368421052631576
0.425	0.47368421052631576
0.425	0.47368421052631576
0.425	0.47368421052631576
0.425	0.47368421052631576
0.425	0.47368421052631576
0.425	0.47368421052631576
0.425	0.47368421052631576
0.425	0.47368421052631576
0.425	0.47368421052631576
0.425	0.47368421052631576
0.425	0.47368421052631576
0.425	0.47368421052631576
0.425	0.47368421052631576
0.425	0.47368421052631576
0.425	0.47368421052631576
0.425	0.47368421052631576
0.425	0.47368421052631576
0.425	0.47368421052631576
0.425	0.47368421052631576
0.425	0.47368421052631576
0.425	0.47368421052631576
0.425	0.47368421052631576
0.425	0.47368421052631576
0.425	0.47368421052631576
0.425	0.47368421052631576
0.425	0.47368421052631576
0.425	0.47368421052631576
0.425	0.47368421052631576
0.425	0.47368421052631576
0.425	0.47368421052631576
0.425	0.47368421052631576
0.425	0.47368421052631576
0.425	0.47368421052631576
0.425	0.47368421052631576
0.425	0.47368421052631576
0.425	0.47368421052631576
0.4125	0.47368421052631576
0.4125	0.47368421052631576
0.4125	0.47368421052631576
0.4125	0.47368421052631576
0.4	0.47368421052631576
0.4	0.47368421052631576
0.4	0.47368421052631576
0.4	0.47368421052631576
0.4	0.47368421052631576
0.4	0.47368421052631576
0.4	0.47368421052631576
0.4	0.47368421052631576
0.4	0.47368421052631576
0.3875	0.47368421052631576
0.3875	0.47368421052631576
0.3875	0.47368421052631576
0.3875	0.47368421052631576
0.3875	0.47368421052631576
0.3875	0.47368421052631576
0.3875	0.47368421052631576
0.3875	0.47368421052631576
0.3875	0.47368421052631576
0.3875	0.47368421052631576
0.3875	0.47368421052631576
0.3875	0.47368421052631576
0.3875	0.47368421052631576
0.3875	0.47368421052631576
0.3875	0.47368421052631576
0.3875	0.47368421052631576
0.3875	0.47368421052631576
0.3875	0.47368421052631576
0.3875	0.47368421052631576
0.3875	0.47368421052631576
0.3875	0.47368421052631576
0.3875	0.47368421052631576
0.3875	0.47368421052631576
0.3875	0.47368421052631576
0.3875	0.47368421052631576
0.3875	0.47368421052631576
0.3875	0.47368421052631576
0.3875	0.47368421052631576
0.3875	0.47368421052631576
0.3875	0.47368421052631576
0.3875	0.47368421052631576
0.3875	0.47368421052631576
0.3875	0.47368421052631576
0.3875	0.47368421052631576
0.3875	0.47368421052631576
0.3875	0.47368421052631576
0.3875	0.47368421052631576
0.3875	0.47368421052631576
0.3875	0.47368421052631576
0.3875	0.47368421052631576
0.3875	0.47368421052631576
0.3875	0.47368421052631576
0.3875	0.47368421052631576
0.3875	0.47368421052631576
0.3875	0.47368421052631576
0.3875	0.47368421052631576
0.3875	0.47368421052631576
0.3875	0.47368421052631576
0.3875	0.47368421052631576
0.3875	0.47368421052631576
0.3875	0.47368421052631576
0.3875	0.47368421052631576
0.3875	0.47368421052631576
0.3875	0.47368421052631576
0.3875	0.47368421052631576
0.3875	0.47368421052631576
0.3875	0.47368421052631576
0.3875	0.47368421052631576
0.3875	0.47368421052631576
0.3875	0.47368421052631576
0.3875	0.47368421052631576
0.3875	0.47368421052631576
0.3875	0.47368421052631576
0.3875	0.47368421052631576
0.3875	0.47368421052631576
0.3875	0.47368421052631576
0.3875	0.47368421052631576
0.3875	0.47368421052631576
0.3875	0.47368421052631576
0.3875	0.47368421052631576
0.3875	0.47368421052631576
0.3875	0.47368421052631576
0.3875	0.47368421052631576
0.3875	0.47368421052631576
0.3875	0.47368421052631576
0.3875	0.47368421052631576
0.3875	0.47368421052631576
0.3875	0.47368421052631576
0.3875	0.47368421052631576
0.3875	0.47368421052631576
0.3875	0.47368421052631576
0.375	0.47368421052631576
0.3875	0.47368421052631576
0.375	0.47368421052631576
0.375	0.47368421052631576
0.375	0.47368421052631576
0.375	0.47368421052631576
0.375	0.47368421052631576
0.375	0.47368421052631576
0.375	0.47368421052631576
0.375	0.47368421052631576
0.375	0.47368421052631576
0.375	0.47368421052631576
0.375	0.47368421052631576
0.375	0.47368421052631576
0.375	0.47368421052631576
0.375	0.47368421052631576
0.375	0.47368421052631576
0.375	0.47368421052631576
0.3875	0.47368421052631576
0.375	0.47368421052631576
0.375	0.47368421052631576
0.375	0.47368421052631576
0.375	0.47368421052631576
0.375	0.47368421052631576
0.375	0.47368421052631576
0.375	0.47368421052631576
0.375	0.47368421052631576
0.375	0.47368421052631576
0.375	0.47368421052631576
0.375	0.47368421052631576
0.375	0.47368421052631576
0.375	0.47368421052631576
0.375	0.47368421052631576
0.375	0.47368421052631576
0.3875	0.47368421052631576
0.375	0.47368421052631576
0.375	0.47368421052631576
0.375	0.47368421052631576
0.375	0.47368421052631576
0.375	0.47368421052631576
0.375	0.47368421052631576
0.375	0.47368421052631576
0.375	0.47368421052631576
0.375	0.47368421052631576
0.375	0.47368421052631576
0.375	0.47368421052631576
0.375	0.47368421052631576
0.375	0.47368421052631576
0.375	0.47368421052631576
0.375	0.47368421052631576
0.375	0.47368421052631576
0.3875	0.47368421052631576
0.375	0.47368421052631576
0.375	0.47368421052631576
0.375	0.47368421052631576
0.375	0.47368421052631576
0.375	0.47368421052631576
0.375	0.47368421052631576
0.375	0.47368421052631576
0.375	0.47368421052631576
0.375	0.47368421052631576
0.375	0.47368421052631576
0.375	0.47368421052631576
0.375	0.47368421052631576
0.375	0.47368421052631576
0.375	0.47368421052631576
0.375	0.47368421052631576
0.3875	0.47368421052631576
0.375	0.47368421052631576
0.375	0.47368421052631576
0.375	0.47368421052631576
0.375	0.47368421052631576
0.375	0.47368421052631576
0.375	0.47368421052631576
0.375	0.47368421052631576
0.375	0.47368421052631576
0.375	0.47368421052631576
0.375	0.47368421052631576
0.375	0.47368421052631576
0.375	0.47368421052631576
0.375	0.47368421052631576
0.375	0.47368421052631576
0.375	0.47368421052631576
0.375	0.47368421052631576
0.3875	0.47368421052631576
0.375	0.47368421052631576
0.375	0.47368421052631576
0.375	0.47368421052631576
0.375	0.47368421052631576
0.375	0.47368421052631576
0.375	0.47368421052631576
0.375	0.47368421052631576
0.375	0.47368421052631576
0.375	0.47368421052631576
0.375	0.47368421052631576
0.375	0.47368421052631576
0.375	0.47368421052631576
0.375	0.47368421052631576
0.375	0.47368421052631576
0.375	0.47368421052631576
0.3875	0.47368421052631576
0.375	0.47368421052631576
0.375	0.47368421052631576
0.375	0.47368421052631576
0.375	0.47368421052631576
0.375	0.47368421052631576
0.375	0.47368421052631576
0.375	0.47368421052631576
0.375	0.47368421052631576
0.375	0.47368421052631576
0.375	0.47368421052631576
0.375	0.47368421052631576
0.375	0.47368421052631576
0.375	0.47368421052631576
0.375	0.47368421052631576
0.375	0.47368421052631576
0.375	0.47368421052631576
0.3875	0.47368421052631576
0.375	0.47368421052631576
0.375	0.47368421052631576
0.375	0.47368421052631576
0.375	0.47368421052631576
0.375	0.47368421052631576
0.375	0.47368421052631576
0.375	0.47368421052631576
0.375	0.47368421052631576
0.375	0.47368421052631576
0.375	0.47368421052631576
0.375	0.47368421052631576
0.375	0.47368421052631576
0.375	0.47368421052631576
0.375	0.47368421052631576
0.375	0.47368421052631576
0.375	0.47368421052631576
0.3875	0.47368421052631576
0.375	0.47368421052631576
0.375	0.47368421052631576
0.375	0.47368421052631576
0.375	0.47368421052631576
0.375	0.47368421052631576
0.3875	0.47368421052631576
0.375	0.47368421052631576
0.375	0.47368421052631576
0.375	0.47368421052631576
0.375	0.47368421052631576
0.375	0.47368421052631576
0.375	0.47368421052631576
0.375	0.47368421052631576
0.375	0.47368421052631576
0.375	0.47368421052631576
0.3875	0.47368421052631576
0.375	0.47368421052631576
0.375	0.47368421052631576
0.375	0.47368421052631576
0.375	0.47368421052631576
0.375	0.47368421052631576
0.375	0.47368421052631576
0.375	0.47368421052631576
0.375	0.47368421052631576
0.375	0.47368421052631576
0.375	0.47368421052631576
0.375	0.47368421052631576
0.375	0.47368421052631576
0.375	0.47368421052631576
0.375	0.47368421052631576
0.375	0.47368421052631576
0.375	0.47368421052631576
0.3875	0.47368421052631576
0.375	0.47368421052631576
0.375	0.47368421052631576
0.375	0.47368421052631576
0.375	0.47368421052631576
0.375	0.47368421052631576
0.3875	0.47368421052631576
0.375	0.47368421052631576
0.375	0.47368421052631576
0.375	0.47368421052631576
0.375	0.47368421052631576
0.375	0.47368421052631576
0.375	0.47368421052631576
0.375	0.47368421052631576
0.375	0.47368421052631576
0.375	0.47368421052631576
0.3875	0.47368421052631576
0.375	0.47368421052631576
0.375	0.47368421052631576
0.375	0.47368421052631576
0.375	0.47368421052631576
0.375	0.47368421052631576
0.375	0.47368421052631576
0.375	0.47368421052631576
0.375	0.47368421052631576
0.375	0.47368421052631576
0.375	0.47368421052631576
0.375	0.47368421052631576
0.375	0.47368421052631576
0.375	0.47368421052631576
0.375	0.47368421052631576
0.375	0.47368421052631576
0.375	0.47368421052631576
0.3875	0.47368421052631576
0.375	0.47368421052631576
0.375	0.47368421052631576
0.375	0.47368421052631576
0.375	0.47368421052631576
0.375	0.47368421052631576
0.375	0.47368421052631576
0.3875	0.47368421052631576
0.375	0.47368421052631576
0.375	0.47368421052631576
0.375	0.47368421052631576
0.375	0.47368421052631576
0.375	0.47368421052631576
0.375	0.47368421052631576
0.375	0.47368421052631576
0.375	0.47368421052631576
0.3875	0.47368421052631576
0.375	0.47368421052631576
0.375	0.47368421052631576
0.375	0.47368421052631576
0.375	0.47368421052631576
0.375	0.47368421052631576
0.375	0.47368421052631576
0.375	0.47368421052631576
0.375	0.47368421052631576
0.375	0.47368421052631576
0.375	0.47368421052631576
0.375	0.47368421052631576
0.375	0.47368421052631576
0.375	0.47368421052631576
0.375	0.47368421052631576
0.375	0.47368421052631576
0.375	0.47368421052631576
0.3875	0.47368421052631576
0.375	0.47368421052631576
0.375	0.47368421052631576
0.375	0.47368421052631576
0.375	0.47368421052631576
0.375	0.47368421052631576
0.375	0.47368421052631576
0.3875	0.47368421052631576
0.375	0.47368421052631576
0.375	0.47368421052631576
0.375	0.47368421052631576
0.375	0.47368421052631576
0.375	0.47368421052631576
0.375	0.47368421052631576
0.375	0.47368421052631576
0.375	0.47368421052631576
0.375	0.47368421052631576
0.375	0.47368421052631576
0.375	0.47368421052631576
0.375	0.47368421052631576
0.375	0.47368421052631576
0.375	0.47368421052631576
0.375	0.47368421052631576
0.3875	0.47368421052631576
0.375	0.47368421052631576
0.375	0.47368421052631576
0.375	0.47368421052631576
0.375	0.47368421052631576
0.375	0.47368421052631576
0.375	0.47368421052631576
0.375	0.47368421052631576
0.375	0.47368421052631576
0.375	0.47368421052631576
0.3875	0.47368421052631576
0.375	0.47368421052631576
0.375	0.47368421052631576
0.375	0.47368421052631576
0.375	0.47368421052631576
0.375	0.47368421052631576
0.375	0.47368421052631576
0.3875	0.47368421052631576
0.375	0.47368421052631576
0.375	0.47368421052631576
0.375	0.47368421052631576
0.375	0.47368421052631576
0.375	0.47368421052631576
0.375	0.47368421052631576
0.375	0.47368421052631576
0.375	0.47368421052631576
0.375	0.47368421052631576
0.375	0.47368421052631576
0.375	0.47368421052631576
0.375	0.47368421052631576
0.375	0.47368421052631576
0.375	0.47368421052631576
0.375	0.47368421052631576
0.3875	0.47368421052631576
0.375	0.47368421052631576
0.375	0.47368421052631576
0.375	0.47368421052631576
0.375	0.47368421052631576
0.375	0.47368421052631576
0.375	0.47368421052631576
0.375	0.47368421052631576
0.375	0.47368421052631576
0.375	0.47368421052631576
0.3875	0.47368421052631576
0.375	0.47368421052631576
0.375	0.47368421052631576
0.375	0.47368421052631576
0.375	0.47368421052631576
0.375	0.47368421052631576
0.375	0.47368421052631576
0.3875	0.47368421052631576
0.375	0.47368421052631576
0.375	0.47368421052631576
0.375	0.47368421052631576
0.375	0.47368421052631576
0.375	0.47368421052631576
0.375	0.47368421052631576
0.375	0.47368421052631576
0.375	0.47368421052631576
0.375	0.47368421052631576
0.375	0.47368421052631576
0.375	0.47368421052631576
0.375	0.47368421052631576
0.375	0.47368421052631576
0.375	0.47368421052631576
0.375	0.47368421052631576
0.375	0.47368421052631576
0.3875	0.47368421052631576
0.375	0.47368421052631576
0.375	0.47368421052631576
0.375	0.47368421052631576
0.375	0.47368421052631576
0.375	0.47368421052631576
0.375	0.47368421052631576
0.375	0.47368421052631576
0.375	0.47368421052631576
0.3875	0.47368421052631576
0.375	0.47368421052631576
0.375	0.47368421052631576
0.375	0.47368421052631576
0.375	0.47368421052631576
0.375	0.47368421052631576
0.375	0.47368421052631576
0.3875	0.47368421052631576
0.375	0.47368421052631576
0.375	0.47368421052631576
0.375	0.47368421052631576
0.375	0.47368421052631576
0.375	0.47368421052631576
0.375	0.47368421052631576
0.375	0.47368421052631576
0.375	0.47368421052631576
0.375	0.47368421052631576
0.375	0.47368421052631576
0.375	0.47368421052631576
0.375	0.47368421052631576
0.375	0.47368421052631576
0.375	0.47368421052631576
0.375	0.47368421052631576
0.375	0.47368421052631576
0.3875	0.47368421052631576
0.375	0.47368421052631576
0.375	0.47368421052631576
0.375	0.47368421052631576
0.375	0.47368421052631576
0.375	0.47368421052631576
0.375	0.47368421052631576
0.375	0.47368421052631576
0.375	0.47368421052631576
0.375	0.47368421052631576
0.375	0.47368421052631576
0.375	0.47368421052631576
0.375	0.47368421052631576
0.375	0.47368421052631576
0.375	0.47368421052631576
0.375	0.47368421052631576
0.3875	0.47368421052631576
0.375	0.47368421052631576
0.375	0.47368421052631576
0.375	0.47368421052631576
0.375	0.47368421052631576
0.375	0.47368421052631576
0.375	0.47368421052631576
0.375	0.47368421052631576
0.375	0.47368421052631576
0.375	0.47368421052631576
0.375	0.47368421052631576
0.375	0.47368421052631576
0.375	0.47368421052631576
0.375	0.47368421052631576
0.375	0.47368421052631576
0.375	0.47368421052631576
0.375	0.47368421052631576
0.3875	0.47368421052631576
0.375	0.47368421052631576
0.375	0.47368421052631576
0.375	0.47368421052631576
0.375	0.47368421052631576
0.375	0.47368421052631576
0.375	0.47368421052631576
0.375	0.47368421052631576
0.375	0.47368421052631576
0.375	0.47368421052631576
0.375	0.47368421052631576
0.375	0.47368421052631576
0.375	0.47368421052631576
0.375	0.47368421052631576
0.375	0.47368421052631576
0.375	0.47368421052631576
0.3875	0.47368421052631576
0.375	0.47368421052631576
0.375	0.47368421052631576
0.375	0.47368421052631576
0.375	0.47368421052631576
0.375	0.47368421052631576
0.375	0.47368421052631576
0.375	0.47368421052631576
0.375	0.47368421052631576
0.375	0.47368421052631576
0.375	0.47368421052631576
0.375	0.47368421052631576
0.375	0.47368421052631576
0.375	0.47368421052631576
0.375	0.47368421052631576
0.375	0.47368421052631576
0.375	0.47368421052631576
0.3875	0.47368421052631576
0.375	0.47368421052631576
0.375	0.47368421052631576
0.375	0.47368421052631576
0.375	0.47368421052631576
0.375	0.47368421052631576
0.375	0.47368421052631576
0.375	0.47368421052631576
0.375	0.47368421052631576
0.375	0.47368421052631576
0.375	0.47368421052631576
0.375	0.47368421052631576
0.375	0.47368421052631576
0.375	0.47368421052631576
0.375	0.47368421052631576
0.375	0.47368421052631576
0.375	0.47368421052631576
0.3875	0.47368421052631576
0.375	0.47368421052631576
0.375	0.47368421052631576
0.375	0.47368421052631576
0.375	0.47368421052631576
0.375	0.47368421052631576
0.375	0.47368421052631576
0.375	0.47368421052631576
0.375	0.47368421052631576
0.375	0.47368421052631576
0.375	0.47368421052631576
0.375	0.47368421052631576
0.375	0.47368421052631576
0.375	0.47368421052631576
0.375	0.47368421052631576
0.375	0.47368421052631576
0.3875	0.47368421052631576
0.375	0.47368421052631576
0.375	0.47368421052631576
0.375	0.47368421052631576
0.375	0.47368421052631576
0.375	0.47368421052631576
0.375	0.47368421052631576
0.375	0.47368421052631576
0.375	0.47368421052631576
0.375	0.47368421052631576
0.375	0.47368421052631576
0.375	0.47368421052631576
0.375	0.47368421052631576
0.375	0.47368421052631576
0.375	0.47368421052631576
0.375	0.47368421052631576
0.375	0.47368421052631576
0.3875	0.47368421052631576
0.375	0.47368421052631576
0.375	0.47368421052631576
0.375	0.47368421052631576
0.375	0.47368421052631576
0.375	0.47368421052631576
0.375	0.47368421052631576
0.375	0.47368421052631576
0.375	0.47368421052631576
0.375	0.47368421052631576
0.375	0.47368421052631576
0.375	0.47368421052631576
0.375	0.47368421052631576
0.375	0.47368421052631576
0.375	0.47368421052631576
0.375	0.47368421052631576
0.3875	0.47368421052631576
0.375	0.47368421052631576
0.375	0.47368421052631576
0.375	0.47368421052631576
0.375	0.47368421052631576
0.375	0.47368421052631576
0.375	0.47368421052631576
0.375	0.47368421052631576
0.375	0.47368421052631576
0.375	0.47368421052631576
0.375	0.47368421052631576
0.375	0.47368421052631576
0.375	0.47368421052631576
0.375	0.47368421052631576
0.375	0.47368421052631576
0.375	0.47368421052631576
0.375	0.47368421052631576
0.3875	0.47368421052631576
0.375	0.47368421052631576
