0.6875	0.7894736842105263
0.5375	0.631578947368421
0.5	0.5263157894736842
0.4375	0.5263157894736842
0.4375	0.47368421052631576
0.4125	0.47368421052631576
0.425	0.42105263157894735
0.4125	0.42105263157894735
0.4	0.42105263157894735
0.4	0.42105263157894735
0.3875	0.42105263157894735
0.3875	0.42105263157894735
0.3875	0.42105263157894735
0.4	0.42105263157894735
0.3875	0.42105263157894735
0.3375	0.42105263157894735
0.3875	0.42105263157894735
0.3125	0.42105263157894735
0.35	0.42105263157894735
0.3375	0.42105263157894735
0.3625	0.3684210526315789
0.375	0.3157894736842105
0.35	0.3684210526315789
0.275	0.21052631578947367
0.3375	0.15789473684210525
0.1875	0.10526315789473684
0.475	0.42105263157894735
0.4875	0.42105263157894735
0.3875	0.2631578947368421
0.4625	0.42105263157894735
0.3375	0.10526315789473684
0.3125	0.05263157894736842
0.325	0.05263157894736842
0.4125	0.3684210526315789
0.125	0.0
0.475	0.42105263157894735
0.5	0.42105263157894735
0.475	0.42105263157894735
0.275	0.0
0.1875	0.0
0.475	0.42105263157894735
0.45	0.3684210526315789
0.2125	0.0
0.1875	0.0
0.1375	0.0
0.1375	0.0
0.125	0.0
0.125	0.0
0.125	0.0
0.225	0.0
0.2125	0.0
0.2	0.0
0.1375	0.0
0.1375	0.0
0.125	0.0
0.125	0.0
0.125	0.0
0.125	0.0
0.225	0.0
0.2125	0.0
0.2	0.0
0.15	0.0
0.1375	0.0
0.125	0.0
0.125	0.0
0.125	0.0
0.125	0.0
0.2125	0.0
0.2125	0.0
0.2125	0.0
0.15	0.0
0.15	0.0
0.125	0.0
0.125	0.0
0.125	0.0
0.125	0.0
0.125	0.0
0.2125	0.0
0.125	0.0
0.2375	0.0
0.2125	0.0
0.2	0.0
0.1375	0.0
0.1375	0.0
0.1375	0.0
0.1375	0.0
0.1375	0.0
0.125	0.0
0.125	0.0
0.225	0.0
0.2125	0.0
0.2	0.0
0.1375	0.0
0.1375	0.0
0.1375	0.0
0.125	0.0
0.125	0.0
0.125	0.0
0.225	0.0
0.2125	0.0
0.2	0.0
0.1375	0.0
0.1375	0.0
0.1375	0.0
0.125	0.0
0.125	0.0
0.125	0.0
0.2375	0.0
0.2125	0.0
0.2	0.0
0.15	0.0
0.1375	0.0
0.1375	0.0
0.125	0.0
0.125	0.0
0.125	0.0
0.125	0.0
0.2125	0.0
0.2125	0.0
0.2	0.0
0.15	0.0
0.125	0.0
0.125	0.0
0.125	0.0
0.125	0.0
0.125	0.0
0.2125	0.0
0.5	0.42105263157894735
0.4	0.3157894736842105
0.5	0.42105263157894735
0.15	0.0
0.1375	0.0
0.1375	0.0
0.1375	0.0
0.125	0.0
0.125	0.0
0.125	0.0
0.2125	0.0
0.125	0.0
0.125	0.0
0.225	0.0
0.2125	0.0
0.2	0.0
0.1375	0.0
0.1375	0.0
0.1375	0.0
0.125	0.0
0.125	0.0
0.125	0.0
0.2375	0.0
0.2125	0.0
0.2125	0.0
0.15	0.0
0.1375	0.0
0.1375	0.0
0.125	0.0
0.125	0.0
0.125	0.0
0.125	0.0
0.2125	0.0
0.2125	0.0
0.2	0.0
0.15	0.0
0.1375	0.0
0.125	0.0
0.125	0.0
0.125	0.0
0.125	0.0
0.2125	0.0
0.5	0.42105263157894735
0.4	0.3157894736842105
0.5	0.42105263157894735
0.15	0.0
0.1375	0.0
0.1375	0.0
0.1375	0.0
0.125	0.0
0.125	0.0
0.125	0.0
0.125	0.0
0.2125	0.0
0.125	0.0
0.225	0.0
0.2125	0.0
0.2	0.0
0.1375	0.0
0.1375	0.0
0.1375	0.0
0.125	0.0
0.125	0.0
0.125	0.0
0.2375	0.0
0.2125	0.0
0.2125	0.0
0.15	0.0
0.1375	0.0
0.1375	0.0
0.125	0.0
0.125	0.0
0.125	0.0
0.125	0.0
0.2125	0.0
0.2125	0.0
0.2	0.0
0.15	0.0
0.1375	0.0
0.125	0.0
0.125	0.0
0.125	0.0
0.125	0.0
0.2125	0.0
0.5	0.42105263157894735
0.4	0.3157894736842105
0.5	0.42105263157894735
0.5	0.42105263157894735
0.1375	0.0
0.1375	0.0
0.1375	0.0
0.125	0.0
0.45	0.3684210526315789
0.1875	0.0
0.1375	0.0
0.1375	0.0
0.1375	0.0
0.125	0.0
0.225	0.0
0.2125	0.0
0.2	0.0
0.1375	0.0
0.1375	0.0
0.1375	0.0
0.1375	0.0
0.1375	0.0
0.125	0.0
0.2375	0.0
0.2125	0.0
0.2	0.0
0.1375	0.0
0.1375	0.0
0.1375	0.0
0.1375	0.0
0.1375	0.0
0.125	0.0
0.125	0.0
0.225	0.0
0.2125	0.0
0.2	0.0
0.1375	0.0
0.1375	0.0
0.1375	0.0
0.125	0.0
0.125	0.0
0.125	0.0
0.225	0.0
0.2125	0.0
0.2	0.0
0.1375	0.0
0.1375	0.0
0.1375	0.0
0.125	0.0
0.125	0.0
0.125	0.0
0.2375	0.0
0.2125	0.0
0.2125	0.0
0.15	0.0
0.1375	0.0
0.1375	0.0
0.125	0.0
0.125	0.0
0.125	0.0
0.125	0.0
0.2125	0.0
0.2125	0.0
0.2	0.0
0.15	0.0
0.125	0.0
0.125	0.0
0.125	0.0
0.125	0.0
0.125	0.0
0.2125	0.0
0.1375	0.0
0.125	0.0
0.225	0.0
0.2125	0.0
0.2	0.0
0.1375	0.0
0.1375	0.0
0.1375	0.0
0.1375	0.0
0.125	0.0
0.125	0.0
0.225	0.0
0.2125	0.0
0.2	0.0
0.1375	0.0
0.1375	0.0
0.1375	0.0
0.1375	0.0
0.125	0.0
0.125	0.0
0.125	0.0
0.225	0.0
0.2125	0.0
0.2	0.0
0.1375	0.0
0.1375	0.0
0.125	0.0
0.125	0.0
0.125	0.0
0.125	0.0
0.225	0.0
0.2125	0.0
0.2	0.0
0.15	0.0
0.1375	0.0
0.125	0.0
0.125	0.0
0.125	0.0
0.125	0.0
0.2125	0.0
0.2125	0.0
0.2	0.0
0.15	0.0
0.15	0.0
0.125	0.0
0.125	0.0
0.125	0.0
0.125	0.0
0.125	0.0
0.2125	0.0
0.125	0.0
0.2375	0.0
0.2125	0.0
0.2	0.0
0.1375	0.0
0.1375	0.0
0.1375	0.0
0.1375	0.0
0.1375	0.0
0.125	0.0
0.125	0.0
0.225	0.0
0.2125	0.0
0.2	0.0
0.1375	0.0
0.1375	0.0
0.1375	0.0
0.125	0.0
0.125	0.0
0.125	0.0
0.225	0.0
0.2125	0.0
0.2	0.0
0.1375	0.0
0.1375	0.0
0.1375	0.0
0.125	0.0
0.125	0.0
0.125	0.0
0.225	0.0
0.2125	0.0
0.2	0.0
0.15	0.0
0.1375	0.0
0.1375	0.0
0.125	0.0
0.125	0.0
0.125	0.0
0.125	0.0
0.2125	0.0
0.2125	0.0
0.2	0.0
0.15	0.0
0.125	0.0
0.125	0.0
0.125	0.0
0.125	0.0
0.125	0.0
0.2125	0.0
0.5	0.42105263157894735
0.4	0.3157894736842105
0.5	0.42105263157894735
0.15	0.0
0.1375	0.0
0.1375	0.0
0.1375	0.0
0.125	0.0
0.125	0.0
0.125	0.0
0.2125	0.0
0.125	0.0
0.125	0.0
0.225	0.0
0.2125	0.0
0.2	0.0
0.1375	0.0
0.1375	0.0
0.1375	0.0
0.125	0.0
0.125	0.0
0.125	0.0
0.2375	0.0
0.2125	0.0
0.2125	0.0
0.15	0.0
0.1375	0.0
0.1375	0.0
0.125	0.0
0.125	0.0
0.125	0.0
0.125	0.0
0.2125	0.0
0.2125	0.0
0.2	0.0
0.15	0.0
0.1375	0.0
0.125	0.0
0.125	0.0
0.125	0.0
0.125	0.0
0.2125	0.0
0.5	0.42105263157894735
0.4	0.3157894736842105
0.5	0.42105263157894735
0.15	0.0
0.1375	0.0
0.1375	0.0
0.1375	0.0
0.125	0.0
0.125	0.0
0.125	0.0
0.125	0.0
0.2125	0.0
0.125	0.0
0.225	0.0
0.2125	0.0
0.2	0.0
0.1375	0.0
0.1375	0.0
0.1375	0.0
0.125	0.0
0.125	0.0
0.125	0.0
0.2375	0.0
0.2125	0.0
0.2125	0.0
0.15	0.0
0.1375	0.0
0.1375	0.0
0.125	0.0
0.125	0.0
0.125	0.0
0.125	0.0
0.2125	0.0
0.2125	0.0
0.2	0.0
0.15	0.0
0.1375	0.0
0.125	0.0
0.125	0.0
0.125	0.0
0.125	0.0
0.2125	0.0
0.5	0.42105263157894735
0.4	0.3157894736842105
0.5	0.42105263157894735
0.5	0.42105263157894735
0.1375	0.0
0.1375	0.0
0.1375	0.0
0.125	0.0
0.45	0.3684210526315789
0.1875	0.0
0.1375	0.0
0.1375	0.0
0.1375	0.0
0.125	0.0
0.225	0.0
0.2125	0.0
0.2	0.0
0.1375	0.0
0.1375	0.0
0.1375	0.0
0.1375	0.0
0.1375	0.0
0.125	0.0
0.2375	0.0
0.2125	0.0
0.2	0.0
0.1375	0.0
0.1375	0.0
0.1375	0.0
0.1375	0.0
0.1375	0.0
0.125	0.0
0.125	0.0
0.225	0.0
0.2125	0.0
0.2	0.0
0.1375	0.0
0.1375	0.0
0.1375	0.0
0.125	0.0
0.125	0.0
0.125	0.0
0.225	0.0
0.2125	0.0
0.2	0.0
0.1375	0.0
0.1375	0.0
0.1375	0.0
0.125	0.0
0.125	0.0
0.125	0.0
0.2375	0.0
0.2125	0.0
0.2125	0.0
0.15	0.0
0.1375	0.0
0.125	0.0
0.125	0.0
0.125	0.0
0.125	0.0
0.125	0.0
0.2125	0.0
0.2125	0.0
0.2	0.0
0.15	0.0
0.125	0.0
0.125	0.0
0.125	0.0
0.125	0.0
0.125	0.0
0.2125	0.0
0.1375	0.0
0.125	0.0
0.225	0.0
0.2125	0.0
0.2	0.0
0.1375	0.0
0.1375	0.0
0.1375	0.0
0.1375	0.0
0.125	0.0
0.125	0.0
0.225	0.0
0.2125	0.0
0.2	0.0
0.1375	0.0
0.1375	0.0
0.1375	0.0
0.1375	0.0
0.125	0.0
0.125	0.0
0.2375	0.0
0.2125	0.0
0.2125	0.0
0.15	0.0
0.1375	0.0
0.1375	0.0
0.125	0.0
0.125	0.0
0.125	0.0
0.125	0.0
0.225	0.0
0.2125	0.0
0.2	0.0
0.15	0.0
0.1375	0.0
0.125	0.0
0.125	0.0
0.125	0.0
0.125	0.0
0.2125	0.0
0.2125	0.0
0.2	0.0
0.15	0.0
0.15	0.0
0.125	0.0
0.125	0.0
0.125	0.0
0.125	0.0
0.125	0.0
0.2125	0.0
0.5	0.42105263157894735
0.4	0.3157894736842105
0.5	0.42105263157894735
0.15	0.0
0.1375	0.0
0.1375	0.0
0.125	0.0
0.125	0.0
0.125	0.0
0.125	0.0
0.2125	0.0
0.125	0.0
0.125	0.0
0.225	0.0
0.2125	0.0
0.2	0.0
0.1375	0.0
0.1375	0.0
0.1375	0.0
0.125	0.0
0.125	0.0
0.125	0.0
0.225	0.0
0.2125	0.0
0.2	0.0
0.15	0.0
0.1375	0.0
0.125	0.0
0.125	0.0
0.125	0.0
0.125	0.0
0.2125	0.0
0.2125	0.0
0.2125	0.0
0.15	0.0
0.15	0.0
0.125	0.0
0.125	0.0
0.125	0.0
0.125	0.0
0.125	0.0
0.2125	0.0
0.5	0.42105263157894735
0.4	0.3157894736842105
0.5	0.42105263157894735
0.15	0.0
0.1375	0.0
0.1375	0.0
0.125	0.0
0.125	0.0
0.125	0.0
0.125	0.0
0.2125	0.0
0.125	0.0
0.125	0.0
0.225	0.0
0.2125	0.0
0.2	0.0
0.1375	0.0
0.1375	0.0
0.1375	0.0
0.125	0.0
0.125	0.0
0.125	0.0
0.225	0.0
0.2125	0.0
0.2	0.0
0.15	0.0
0.1375	0.0
0.125	0.0
0.125	0.0
0.125	0.0
0.125	0.0
0.225	0.0
0.2125	0.0
0.2125	0.0
0.15	0.0
0.15	0.0
0.125	0.0
0.125	0.0
0.125	0.0
0.125	0.0
0.125	0.0
0.2125	0.0
0.5	0.42105263157894735
0.4	0.3157894736842105
0.5	0.42105263157894735
0.15	0.0
0.1375	0.0
0.1375	0.0
0.1375	0.0
0.125	0.0
0.125	0.0
0.125	0.0
0.2125	0.0
0.125	0.0
0.125	0.0
0.225	0.0
0.2125	0.0
0.2	0.0
0.1375	0.0
0.1375	0.0
0.1375	0.0
0.125	0.0
0.125	0.0
0.125	0.0
0.225	0.0
0.2125	0.0
0.2	0.0
0.15	0.0
0.1375	0.0
0.1375	0.0
0.125	0.0
0.125	0.0
0.125	0.0
0.125	0.0
0.2125	0.0
0.2125	0.0
0.2	0.0
0.15	0.0
0.125	0.0
0.125	0.0
0.125	0.0
0.125	0.0
0.125	0.0
0.2125	0.0
0.5	0.42105263157894735
0.4	0.3157894736842105
0.5	0.42105263157894735
0.15	0.0
0.1375	0.0
0.1375	0.0
0.1375	0.0
0.125	0.0
0.125	0.0
0.125	0.0
0.2125	0.0
0.125	0.0
0.125	0.0
0.225	0.0
0.2125	0.0
0.2	0.0
0.1375	0.0
0.1375	0.0
0.1375	0.0
0.125	0.0
0.125	0.0
0.125	0.0
0.225	0.0
0.2125	0.0
0.2	0.0
0.15	0.0
0.1375	0.0
0.1375	0.0
0.125	0.0
0.125	0.0
0.125	0.0
0.125	0.0
0.2125	0.0
0.2125	0.0
0.2	0.0
0.15	0.0
0.125	0.0
0.125	0.0
0.125	0.0
0.125	0.0
0.125	0.0
0.2125	0.0
0.5	0.42105263157894735
0.4	0.3157894736842105
0.5	0.42105263157894735
0.15	0.0
0.1375	0.0
0.1375	0.0
0.1375	0.0
0.125	0.0
0.125	0.0
0.125	0.0
0.2125	0.0
0.125	0.0
0.125	0.0
0.225	0.0
0.2125	0.0
0.2	0.0
0.1375	0.0
0.1375	0.0
0.1375	0.0
0.125	0.0
0.125	0.0
0.125	0.0
0.2375	0.0
0.2125	0.0
0.2	0.0
0.15	0.0
0.1375	0.0
0.1375	0.0
0.125	0.0
0.125	0.0
0.125	0.0
0.125	0.0
0.2125	0.0
0.2125	0.0
0.2	0.0
0.15	0.0
0.125	0.0
0.125	0.0
0.125	0.0
0.125	0.0
0.125	0.0
0.2125	0.0
0.5	0.42105263157894735
0.4	0.3157894736842105
0.5	0.42105263157894735
0.15	0.0
0.1375	0.0
0.1375	0.0
0.1375	0.0
0.125	0.0
0.125	0.0
0.125	0.0
0.125	0.0
0.2125	0.0
0.125	0.0
0.225	0.0
0.2125	0.0
0.2	0.0
0.1375	0.0
0.1375	0.0
0.1375	0.0
0.125	0.0
0.125	0.0
0.125	0.0
0.2375	0.0
0.2125	0.0
0.2125	0.0
0.15	0.0
0.1375	0.0
0.1375	0.0
0.125	0.0
0.125	0.0
0.125	0.0
0.125	0.0
0.2125	0.0
0.2125	0.0
0.2	0.0
0.15	0.0
0.1375	0.0
0.125	0.0
0.125	0.0
0.125	0.0
0.125	0.0
0.2125	0.0
0.5	0.42105263157894735
0.4	0.3157894736842105
0.5	0.42105263157894735
0.5	0.42105263157894735
0.1375	0.0
0.1375	0.0
0.1375	0.0
0.125	0.0
0.45	0.3684210526315789
0.1875	0.0
0.1375	0.0
0.1375	0.0
0.1375	0.0
0.125	0.0
0.225	0.0
0.2125	0.0
0.2	0.0
0.1375	0.0
0.1375	0.0
0.1375	0.0
0.1375	0.0
0.1375	0.0
0.125	0.0
0.2375	0.0
0.2125	0.0
0.2	0.0
0.1375	0.0
0.1375	0.0
0.1375	0.0
0.1375	0.0
0.1375	0.0
0.125	0.0
0.125	0.0
0.225	0.0
0.2125	0.0
0.2	0.0
0.1375	0.0
0.1375	0.0
0.1375	0.0
0.125	0.0
0.125	0.0
0.125	0.0
0.225	0.0
0.2125	0.0
0.2	0.0
0.1375	0.0
0.1375	0.0
0.1375	0.0
0.125	0.0
0.125	0.0
0.125	0.0
0.2375	0.0
0.2125	0.0
0.2125	0.0
0.15	0.0
0.1375	0.0
0.125	0.0
0.125	0.0
0.125	0.0
0.125	0.0
0.125	0.0
0.2125	0.0
0.2125	0.0
0.2	0.0
0.15	0.0
0.125	0.0
0.125	0.0
0.125	0.0
0.125	0.0
0.125	0.0
0.2125	0.0
0.1375	0.0
0.125	0.0
0.225	0.0
0.2125	0.0
0.2	0.0
0.1375	0.0
0.1375	0.0
0.1375	0.0
0.1375	0.0
0.125	0.0
0.125	0.0
0.225	0.0
0.2125	0.0
0.2	0.0
0.1375	0.0
0.1375	0.0
0.1375	0.0
0.1375	0.0
0.125	0.0
0.125	0.0
0.2375	0.0
0.2125	0.0
0.2125	0.0
0.15	0.0
0.1375	0.0
0.1375	0.0
0.125	0.0
0.125	0.0
0.125	0.0
0.125	0.0
0.225	0.0
0.2125	0.0
0.2	0.0
0.15	0.0
0.1375	0.0
0.125	0.0
0.125	0.0
0.125	0.0
0.125	0.0
0.2125	0.0
0.2125	0.0
0.2	0.0
0.15	0.0
0.15	0.0
0.125	0.0
0.125	0.0
0.125	0.0
0.125	0.0
0.125	0.0
0.2125	0.0
0.5	0.42105263157894735
0.4	0.3157894736842105
0.5	0.42105263157894735
0.15	0.0
0.1375	0.0
0.1375	0.0
0.125	0.0
0.125	0.0
0.125	0.0
0.125	0.0
0.2125	0.0
0.125	0.0
0.125	0.0
0.225	0.0
0.2125	0.0
0.2	0.0
0.1375	0.0
0.1375	0.0
0.1375	0.0
0.125	0.0
0.125	0.0
0.125	0.0
0.225	0.0
0.2125	0.0
0.2	0.0
0.15	0.0
0.1375	0.0
0.125	0.0
0.125	0.0
0.125	0.0
0.125	0.0
0.2125	0.0
0.2125	0.0
0.2125	0.0
0.15	0.0
0.15	0.0
0.125	0.0
0.125	0.0
0.125	0.0
0.125	0.0
0.125	0.0
